33750
1313
6778
24552
24969
308394
40969
46459
133248
53685
54375
92686
60073
65300
146287
89550
128557
78635
87355
92959
149253
87258
87259
87716
88132
53398
494460
112564
158510
29157
106263
139458
147804
150055
9407
147802
1905
325260
309384
170752
371151
387018
176927
176499
153506
198728
204676
146285
111035
304373
228340
280804
16759
75011
339309
254657
239925
62152
266149
294241
13052
403322
24968
24550
470599
304758
38020
21491
118144
327070
396071
455975
231625
419190
376359
376102
376362
40971
376687
382934
390188
390190
441344
405266
406800
414019
303677
7738
430679
436930
436944
436957
438099
474609
490591
492135
518021
510183
77357
